20180001 | 0000001 | 1514851200 | 1517443200
20180002 | 0000003 | 1514937600 | 1517529600
20180003 | 0000006 | 1515024000 | 1517616000
20180004 | 0000013 | 1515110400 | 1517788800
20180005 | 0000014 | 1515196800 | 1517788800
20180006 | 0000029 | 1515369600 | 1517961600
20180007 | 0000033 | 1515456000 | 1518048000
20180010 | 0000034 | 1515456000 | 1518048000
20180013 | 0000040 | 1515542400 | 1518134400
20180014 | 0000042 | 1515628800 | 1518220800
20180016 | 0000051 | 1515715200 | 1518393600
20180017 | 0000059 | 1515801600 | 1518393600
20180019 | 0000062 | 1516406400 | 1518998400
20180020 | 0000063 | 1516579200 | 1519171200
20180021 | 0000070 | 1516665600 | 1519257600
20180023 | 0000081 | 1516752000 | 1519344000
20180024 | 0000083 | 1516838400 | 1519430400
20180025 | 0000086 | 1516924800 | 1519603200
20180027 | 0000094 | 1517011200 | 1519603200
20180030 | 0000100 | 1517184000 | 1519776000
